(* ::Package:: *)

(* Set up conversion factors and general constants *)
e = 1
H2J = 4.35974417 * (10^-18)
T2S = 2.41884326505 * (10^-17)
B2nm = 0.052917721092
H2eV = 27.21138602
na = (5 * 10^15) * (10^-18)
damp = (10^13) * (T2S)
lBN = (1 / B2nm) * 0.333
lphos = (1 / B2nm) * 0.85



